1095
1385
1408
1409
1410
1441
1702
1793
1794
2217
2491
2509
2514
2527
2531
2532
2537
2538
2539
2540
2541
2542
2549
2552
2822
2825
2826
2827
2831
2832
2833
2837
2853
2854
2878
2884
2885
2886
2898
2900
2901
2912
2913
2914
2915
2916
2917
2918
2919
2921
2922
2923
2924
2925
2926
2928
2942
2947
4286
4518
4519
4520
4521
4523
4524
4525
4526
4527
4528
4529
4530
4531
4532
4533
4534
4535
4536
4537
4538
4539
4540
4541
4542
4543
4544
4545
4546
4547
4548
4549
4550
4551
4552
4553
4554
4555
4556
4557
4558
4559
4560
4561
4562
4563
4564
4566
4567
4568
4635
4652
4653
4654
4655
4656
4658
4659
4660
4661
4662
4663
4664
4665
4666
4667
4668
4669
4670
4671
4672
4673
4674
4675
4676
4677
4678
4679
4680
4681
4682
4683
4684
4685
4686
4687
4688
4689
4690
4691
4692
4693
4694
4695
4696
4698
4699
4700
4701
4702
4703
4704
4705
4706
4707
4708
4710
4711
4713
4714
4715
4716
4717
4718
4719
4721
4722
4723
4724
4725
4726
4727
4728
4729
4731
4732
4733
4734
4735
4736
4737
4738
4739
4740
4741
4742
4744
4745
4746
4747
4748
4749
4750
4751
4752
4753
4754
4755
4756
4757
4758
4759
4760
4761
4762
4764
4765
4766
4767
4768
4769
4770
4771
4772
4773
4774
4775
4776
4777
4778
4779
4780
4785
4786
4787
4788
4789
907
942
